RET:
2.1644072624812463

MATRIX:
348.1099876448 0.0000000000 325.1125144990
0.0000000000 345.9300763631 301.0071976302
0.0000000000 0.0000000000 1.0000000000

DISTORTION:
-0.0668877434 0.0443974606 -0.0053171120 0.0019310267 -0.0206113552

ROTATION_VECTORS:
(array([[ 0.06405654],
       [ 0.09687348],
       [-1.55390684]]), array([[ 0.03741001],
       [ 0.07626919],
       [-1.57501244]]), array([[ 0.09596284],
       [ 0.05263882],
       [-1.53913107]]), array([[ 0.08806879],
       [ 0.04893051],
       [-1.58647486]]), array([[ 0.06922111],
       [ 0.08310689],
       [-1.56161369]]), array([[ 0.06175775],
       [ 0.06611101],
       [-1.54017216]]), array([[ 0.04861403],
       [ 0.09164058],
       [-1.50266912]]), array([[ 0.06259134],
       [ 0.09020848],
       [-1.65447714]]), array([[ 0.08501454],
       [ 0.07856582],
       [-1.51237483]]), array([[ 0.04891129],
       [ 0.07426757],
       [-1.61938936]]))

TRANSLATION_VECTORS:
(array([[0.0162821 ],
       [0.04941541],
       [0.45238292]]), array([[0.00200455],
       [0.20631004],
       [0.46418296]]), array([[-0.24865824],
       [ 0.1010064 ],
       [ 0.44826194]]), array([[-0.23889891],
       [ 0.15304941],
       [ 0.45207519]]), array([[-0.05262344],
       [ 0.07009   ],
       [ 0.45206589]]), array([[-0.09443428],
       [ 0.15787334],
       [ 0.45821479]]), array([[0.03539233],
       [0.1181492 ],
       [0.45918255]]), array([[-0.02699793],
       [ 0.07940633],
       [ 0.45359521]]), array([[-0.11818096],
       [ 0.01926036],
       [ 0.445927  ]]), array([[-0.04614964],
       [ 0.18503303],
       [ 0.46195915]]))

